0	0:1	0	.	[1,4]	feed
1	1:0	0	.	[16,4]	var
2	1:0	0	.	[1,16]	cmul($0,$1)
3	1:0	0	.	[16]	var
4	1:0	0	.	[1,16]	add($2,$3)
5	1:0	0	.	[1,16]	relu($4)
6	1:0	0	.	[8,16]	var
7	1:0	0	.	[1,8]	cmul($5,$6)
8	1:0	0	.	[8]	var
9	1:0	0	.	[1,8]	add($7,$8)
10	1:0	0	.	[1,8]	relu($9)
11	1:0	0	.	[5,8]	var
12	1:0	0	.	[1,5]	cmul($10,$11)
13	1:0	0	.	[5]	var
14	1:0	0	.	[1,5]	add($12,$13)
15	1:0	0	.	[1,5]	relu($14)
16	1:0	0	.	[3,5]	var
17	1:0	0	.	[1,3]	cmul($15,$16)
18	1:0	0	.	[3]	var
19	1:0	0	.	[1,3]	add($17,$18)
20	1:0	0	.	[1,3]	relu($19)
21	1:0	0	.	[1,3]	var
22	1:0	0	.	[1,1]	cmul($20,$21)
23	1:0	0	.	[1]	var
24	1:2	0	.	[1,1]	add($22,$23)
25	0:4	0	.	[1,1]	feed
26	1:8	0	.	[]	mse($24,$25)

cmul
Dimension: 16 4
21.4422436 40.546833 -20.9455624 -43.4335632 
0.883011818 -1.2553426 0.660994411 -0.377518684 
24.0393982 -35.4266853 22.0292358 -30.0025158 
0.0481802151 -0.69103992 0.426836282 -0.232373506 
2.90725517 -3.99982333 2.5281868 -3.73088408 
24.3404732 -38.9262543 -27.3627834 39.8863182 
-0.420576721 0.562251568 0.386225373 -0.382518798 
1.31957161 1.90008783 1.00442767 3.28159714 
-45.8605804 -1.64973509 47.9714966 3.67497039 
-0.0418548845 5.90620756 0.146836102 -5.80685568 
1.40087891 2.96434641 0.940106392 2.14590335 
-0.747761667 -0.476740181 -0.300710618 -0.958707869 
-42.6051979 -3.18295813 -37.3013611 -4.11642075 
18.4272709 38.5330582 14.7859936 34.4151802 
-2.90681934 -0.260033101 -2.63140011 -0.248125926 
-0.626768649 -0.367753863 -0.183572605 -0.683198392 

add
Dimension: 16 0
-6.59647194e-05 -0.141281933 -2.06131917e-05 0.254466504 0.00026496005 2.66304232e-06 -0.0244881846 -0.000180581061 1.38831601e-05 0.0127854925 0.000315278419 -0.141833022 -9.52491973e-05 -8.04472293e-05 0.000229894853 -0.0800062194 


cmul
Dimension: 8 16
11.8283625 0.256560713 -10.4544821 -0.18372868 -0.0799374804 11.9234047 0.399821818 -0.149810091 11.8554754 0.409192771 -0.050454326 -0.0228344686 -10.4960384 -10.4646196 -0.0333110578 -0.0944420993 
-9.12300873 -0.248324677 4.48139763 0.0424900167 -1.14810288 -9.0697403 0.44814378 -0.147440851 -9.11781502 0.141619757 -0.580792367 -0.411416769 4.348526 4.35933924 -0.418772101 -0.42422086 
-0.637340724 -0.264873236 -0.112678058 -0.0384379961 -0.387177765 -0.628163636 -0.207393467 0.00311121019 -0.195449278 0.286130339 0.631784081 -0.0851832554 -0.411735713 -0.376367182 0.10631001 0.161857232 
-9.26887321 0.100795642 0.190121159 0.23552148 -1.72867155 -9.25337505 -0.102855302 -1.23451245 -9.32541275 0.313720286 -0.353840202 -0.581537187 0.0427479073 0.0787504092 -0.558387041 -0.676041901 
8.02863693 -0.0659025237 -4.84282446 0.0563568361 -0.576101601 7.90204334 -0.446496904 -0.11217697 7.94204664 -0.444865078 -0.140194848 -0.186393276 -4.92150021 -4.95228148 -0.166508928 0.112244628 
1.91553164 0.205654308 -1.95038438 -0.155419514 2.06405139 1.91105747 0.074653171 0.382540584 1.9179188 -0.0497585945 0.687647939 0.257663846 -1.71835494 -1.75718153 0.660731256 0.324230254 
-1.14189208 0.0935688615 0.501880467 0.339565247 1.68884039 -1.18680036 0.38607499 0.552745402 -1.16075909 -0.204718411 1.19618225 0.10459812 0.63043803 0.582742691 1.11396754 -0.0830492303 
-0.517577648 0.12046501 0.098543033 -0.225158587 0.286367983 -0.471243978 -0.236976743 0.93839246 -0.488707751 0.241646707 1.40519655 -0.115506671 -0.0174576547 -0.0419849381 2.04075885 0.0814407244 

add
Dimension: 8 0
0.042588044 -0.0109108463 -0.0119114798 -0.0571067557 -0.00711344043 -0.128676444 0.0329720378 0.0516671315 


cmul
Dimension: 5 8
-0.675189376 -1.46165407 0.218839332 -0.616712034 -2.06863236 -0.413834989 -2.09807205 0.242014527 
5.26059484 -1.9121995 0.46285525 -1.28449512 0.407922477 -3.05481505 -0.818291903 -0.458614558 
-4.63017321 0.13316156 0.165944487 1.75964737 -6.81546736 -5.07031727 -0.677394211 -0.549976945 
-2.47794676 -0.301946133 0.696055293 3.75074077 0.101046987 2.10008764 1.53518665 -0.140076742 
-1.49832845 -0.187257916 0.166657627 -2.06715345 1.27976775 0.663771689 1.01431203 -0.81938684 

add
Dimension: 5 0
0.246358424 0.10998518 0.0925759077 1.34253228 1.90302396 


cmul
Dimension: 3 5
0.766670525 -0.517317355 -0.550369442 -0.251887053 -0.221148834 
-1.4722054 -3.46563578 5.00878668 -0.345792145 1.30120206 
-1.01605403 -4.34130192 0.519947946 -1.81468523 1.80430496 

add
Dimension: 3 0
-0.0283050202 -1.99005377 -0.772731066 


cmul
Dimension: 1 3
-0.17259793 4.24114132 1.47113037 

add
Dimension: 1 0
0.0182582401